50 0 250785.125000 251313.640625
50 5 282363.000000 282891.406250
50 10 321698.718750 322226.875000
50 15 360967.375000 361495.562500
50 20 400047.750000 400576.156250
50 25 438993.625000 439522.031250
100 0 241948.625000 242477.031250
100 5 257936.031250 258464.250000
100 10 277896.375000 278424.718750
100 15 297867.000000 298395.312500
100 20 317797.937500 318326.468750
100 25 337701.250000 338229.375000
250 0 227657.937500 228186.484375
250 5 234463.156250 234991.609375
250 10 242930.390625 243459.046875
250 15 251422.546875 251951.078125
250 20 259903.078125 260431.515625
250 25 268377.281250 268905.750000
500 0 205745.609375 206274.062500
500 5 209407.171875 209935.750000
500 10 214002.312500 214530.703125
500 15 218609.546875 219138.000000
500 20 223199.078125 223727.390625
500 25 227778.312500 228306.687500
